1 4
2 1
3 5
4 5
5 2
6 2
7 6
8 3
9 3
10 2
11 4
12 4
13 1
14 4
15 6
16 4
17 3
18 1
19 3
20 3
21 6
22 4
23 5
24 2
25 1
26 7
27 1
28 1
29 2
30 2
31 3
32 3
33 2
34 5
35 2
36 1
37 7
38 1
39 2
40 2
41 1
42 3
43 3
44 1
45 1
46 5
47 4
48 4
49 1
50 3
51 5
52 2
53 3
54 3
55 3
56 3
57 2
58 4
59 4
60 1
61 3
62 3
63 2
64 2
65 1
66 7
67 3
68 2
69 1
70 5
71 2
72 1
73 3
74 1
75 1
76 2
77 2
78 3
79 1
80 3
81 5
82 2
83 1
84 3
85 3
86 2
87 3
88 2
89 3
90 1
91 1
92 1
93 2
94 4
95 6
